1  4.548483  -0.781395  3.6  13.803373258266923  -16.993616318057565
1  4.548483  -0.781395  4.5  13.526892416800306  -16.98011763055547
1  4.548483  -0.781395  5.8  12.346215734616031  -16.591481714649525
1  4.548483  -0.781395  8  10.757001306356758  -16.064587093470053
1  4.548483  -0.781395  24  7.088199349885484  -15.07667059729445
2  11.818667  -0.0258  3.6  11.877814213749422  -16.223392700250567
2  11.818667  -0.0258  4.5  11.80027850331594  -16.28947206516172
2  11.818667  -0.0258  5.8  9.842831149675769  -15.590127880673421
2  11.818667  -0.0258  8  8.413040189467333  -15.127002646714283
2  11.818667  -0.0258  24  4.685887230462329  -14.115745749525189
4  17.225237  -0.584033  3.6  11.783761772057751  -16.185771723573897
4  17.225237  -0.584033  4.5  11.858705435961458  -16.31284283821993
4  17.225237  -0.584033  5.8  11.733306503099257  -16.346318022042816
4  17.225237  -0.584033  8  9.982709870497157  -15.754870519126213
4  17.225237  -0.584033  24  7.050818135072254  -15.061718111369158
5  17.784417  0.034222  3.6  11.302941533363214  -15.993443628096083
5  17.784417  0.034222  4.5  11.765570289541138  -16.2755887796518
5  17.784417  0.034222  5.8  10.391667427227251  -15.809662391694014
5  17.784417  0.034222  8  8.698944600150107  -15.241364410987392
5  17.784417  0.034222  24  5.879241630508314  -14.593087509543581
6  28.141688  -0.192917  3.6  11.573795875546839  -16.101785364969533
6  28.141688  -0.192917  4.5  11.724218053540609  -16.25904788525159
6  28.141688  -0.192917  5.8  11.263307571959702  -16.158318449586993
6  28.141688  -0.192917  8  9.823518035407742  -15.691193785090446
6  28.141688  -0.192917  24  0  0
7  28.729475  -0.539626  3.6  12.853712540640492  -16.613752031006992
7  28.729475  -0.539626  4.5  12.716432025467002  -16.655933474022145
7  28.729475  -0.539626  5.8  11.503112426243682  -16.254240391300588
7  28.729475  -0.539626  8  9.530494910618417  -15.573984535174716
7  28.729475  -0.539626  24  5.323470649980965  -14.370779117332642
9  41.581565  -0.884437  3.6  13.857230025724888  -17.015159025040752
9  41.581565  -0.884437  4.5  13.695965343927218  -17.047746801406234
9  41.581565  -0.884437  5.8  12.88420802057066  -16.806678629031378
9  41.581565  -0.884437  8  11.8490607029024  -16.50141085208831
9  41.581565  -0.884437  24  8.862855707441298  -15.786533140316775
10 42.908694  -0.888909  3.6	14.2310	-17.1647
10 42.908694  -0.888909  4.5	13.8844	-17.1231
10 42.908694  -0.888909  5.8	13.4458	-17.0313
10 42.908694  -0.888909  8	11.2700	-16.2698
10 42.908694  -0.888909  24	8.1326	-15.4944
11  47.824267  -0.3903  3.6  13.775926118419797  -16.982637462118717
11  47.824267  -0.3903  4.5  13.980481877701001  -17.161553414915744
11  47.824267  -0.3903  5.8  12.038572066600146  -16.46842424744317
11  47.824267  -0.3903  8  10.554446766263668  -15.983565277432817
11  47.824267  -0.3903  24  8.161806039890388  -15.506113273296412
12  48.707895  0.961547  3.6  13.254831023838358  -16.77419942428614
12  48.707895  0.961547  4.5  13.383618502406469  -16.922808064797934
12  48.707895  0.961547  5.8  12.600010841591576  -16.692999757439743
12  48.707895  0.961547  8  11.418499127158423  -16.32918622179072
12  48.707895  0.961547  24  7.929138941488821  -15.413046433935785
13  54.574569  -0.511079  3.6  13.39931132302382  -16.831991543960324
13  54.574569  -0.511079  4.5  13.465369798463895  -16.955508583220904
13  54.574569  -0.511079  5.8  12.009181591909845  -16.45666805756705
13  54.574569  -0.511079  8  10.564786367582359  -15.987701117960293
13  54.574569  -0.511079  24  7.829744274390897  -15.373288567096616
14  54.657243  -0.256119  3.6  12.941980633300904  -16.64905926807116
14  54.657243  -0.256119  4.5  12.832749706186561  -16.70246054630997
14  54.657243  -0.256119  5.8  11.524290950274521  -16.26271180091292
14  54.657243  -0.256119  8  9.88636863379384  -15.716334024444885
14  54.657243  -0.256119  24  6.620744175324843  -14.889688527470193
15  55.307833  0.810834  3.6  13.337645911556397  -16.807325379373356
15  55.307833  0.810834  4.5  13.570080723810943  -16.99739295335972
15  55.307833  0.810834  5.8  12.013318629482775  -16.458322872596224
15  55.307833  0.810834  8  10.513942663161115  -15.967363636191797
15  55.307833  0.810834  24  7.563336039754388  -15.266725273242011
16  57.4744  -0.3873  3.6  13.441251994468882  -16.848767812538348
16  57.4744  -0.3873  4.5  13.279898427409213  -16.88132003479903
16  57.4744  -0.3873  5.8  12.111654398815945  -16.49765718032949
16  57.4744  -0.3873  8  10.52420062771722  -15.97146682201424
16  57.4744  -0.3873  24  7.142495815272771  -15.098389183449365
17  58.441232  -0.470409  3.6  12.86346945236701  -16.6176547956976
17  58.441232  -0.470409  4.5  12.981485989119534  -16.76195505948316
17  58.441232  -0.470409  5.8  12.100126211123786  -16.49304590525263
17  58.441232  -0.470409  8  10.874109732604854  -16.111430463969292
17  58.441232  -0.470409  24  6.213195876296119  -14.726669207858704
18  59.217833  0.396467  3.6	14.3861	-17.2267
18  59.217833  0.396467  4.5	14.7799	-17.4813
18  59.217833  0.396467  5.8	15.4069	-17.8157
18  59.217833  0.396467  8	12.0385	-16.5772
18  59.217833  0.396467  24	8.3528	-15.5825
19  59.545904  0.776002  3.6  13.582983396554408  -16.90546037337256
19  59.545904  0.776002  4.5  13.485395310977148  -16.963518788226203
19  59.545904  0.776002  5.8  12.655696610952912  -16.71527406518428
19  59.545904  0.776002  8  10.622535001693347  -16.01080057160469
19  59.545904  0.776002  24  7.814676675659333  -15.36726152760399
20  61.3505  -0.1085  3.6  13.976194147933924  -17.062744673924367
20  61.3505  -0.1085  4.5  14.023691084643534  -17.17883709769276
20  61.3505  -0.1085  5.8  13.44281876679728  -17.030122927522026
20  61.3505  -0.1085  8  11.620357274397241  -16.409929480686245
20  61.3505  -0.1085  24  8.6593218185871  -15.705119584775096
21  63.349203  -0.768282  3.6  13.996239627022874  -17.070762865559946
21  63.349203  -0.768282  4.5  14.017404787942242  -17.176322579012243
21  63.349203  -0.768282  5.8  13.072838011345615  -16.88213062534136
21  63.349203  -0.768282  8  11.604214417548706  -16.403472337946834
21  63.349203  -0.768282  24  8.578328689303996  -15.672722333061854
23  299.398377  0.888066  3.6  12.840985215101545  -16.608661100791416
23  299.398377  0.888066  4.5  12.900389854088786  -16.72951660547086
23  299.398377  0.888066  5.8  12.449905834741138  -16.632957754699568
23  299.398377  0.888066  8  10.894550500894674  -16.11960677128522
23  299.398377  0.888066  24  7.485092721848119  -15.235427946079504
24  302.037426  -0.528374  3.6  13.122869352590678  -16.72141475578707
24  302.037426  -0.528374  4.5  12.957267867072414  -16.75226781066431
24  302.037426  -0.528374  5.8  11.616292806513348  -16.299512543408454
24  302.037426  -0.528374  8  9.646433291265344  -15.620359887433487
24  302.037426  -0.528374  24  6.681882731395703  -14.914143949898538
26	306.681500  0.015125  3.6	10.8576	-15.8153
26	306.681500  0.015125  4.5	10.8003	-15.8895
26	306.681500  0.015125  5.8	10.4745	-15.8428
26	306.681500  0.015125  8	9.8195	-15.6896
26	306.681500  0.015125  24	6.5612	-14.8659
28  316.873061  -0.599138  3.6  12.029138674031275  -16.28392248436331
28  316.873061  -0.599138  4.5  12.044308077436408  -16.38708389480991
28  316.873061  -0.599138  5.8  10.987302344897838  -16.047916358762247
28  316.873061  -0.599138  8  9.642833202066143  -15.618919851753807
28  316.873061  -0.599138  24  6.472741386565638  -14.830487411966512
29  317.039057  -0.49782  3.6  12.765173667446065  -16.578336481729224
29  317.039057  -0.49782  4.5  12.74902526989069  -16.66897077179162
29  317.039057  -0.49782  5.8  11.344496428482117  -16.19079399219596
29  317.039057  -0.49782  8  9.752850794709534  -15.662926888811164
29  317.039057  -0.49782  24  5.635215704320521  -14.495477139068464
30  318.527084  0.504229  3.6  13.020046154645986  -16.680285476609193
30  318.527084  0.504229  4.5  12.89056449332987  -16.725586461167293
30  318.527084  0.504229  5.8  12.196191622442003  -16.531472069779916
30  318.527084  0.504229  8  10.603270001643875  -16.0030945715849
30  318.527084  0.504229  24  7.082559683942002  -15.074414730917058
31  318.729619  -0.097762  3.6  12.437462979342895  -16.447252206487956
31  318.729619  -0.097762  4.5  12.165240801612677  -16.435456984480417
31  318.729619  -0.097762  5.8  11.071347517470773  -16.08153442779142
31  318.729619  -0.097762  8  9.422029752450264  -15.530598471907457
31  318.729619  -0.097762  24  5.276597209874934  -14.35202974129023
32  321.402694  0.652191  3.6  11.524275057888413  -16.081977037906164
32  321.402694  0.652191  4.5  11.266295473724666  -16.07587885332521
32  321.402694  0.652191  5.8  9.838824032558689  -15.588525033826588
32  321.402694  0.652191  8  8.331269040323857  -15.094294187056892
32  321.402694  0.652191  24  5.120062285893341  -14.289415771697593
34  324.32325  0.317  3.6  13.479453703787723  -16.864048496265887
34  324.32325  0.317  4.5  13.388113750037594  -16.92460616385038
34  324.32325  0.317  5.8  12.257088907002501  -16.555830983604114
34  324.32325  0.317  8  10.964546481506435  -16.147605163529924
34  324.32325  0.317  24  7.896679958011732  -15.40006284054495
35  325.245517  -0.799997  3.6  12.95114187511804  -16.65272376479801
35  325.245517  -0.799997  4.5  13.196720296804891  -16.848048782557303
35  325.245517  -0.799997  5.8  11.865376503025251  -16.399146022013213
35  325.245517  -0.799997  8  10.38316725923083  -15.915053474619683
35  325.245517  -0.799997  24  7.157907505222339  -15.104553859429192
36  333.445875  0.356375  3.6  12.095508671373022  -16.310470483300005
36  333.445875  0.356375  4.5  11.864185178935259  -16.315034735409448
36  333.445875  0.356375  5.8  10.603978544779618  -15.894586838714961
36  333.445875  0.356375  8  9.056761639647053  -15.38449122678617
36  333.445875  0.356375  24  7.232823739186232  -15.134520353014748
38  335.517  -0.378042  3.6  11.023901670657356  -15.88182768301374
38  335.517  -0.378042  4.5  11.052127543801724  -15.990211681356035
38  335.517  -0.378042  5.8  10.380747383979907  -15.805294374395077
38  335.517  -0.378042  8  9.124541162779078  -15.411603036038981
38  335.517  -0.378042  24  5.2365659790755  -14.336017248970457
39  341.857467  -0.842779  3.6  13.519236250857983  -16.87996151509399
39  341.857467  -0.842779  4.5  13.29468398397377  -16.887234257424854
39  341.857467  -0.842779  5.8  12.12393387599488  -16.502568971201065
39  341.857467  -0.842779  8  10.400624105050586  -15.922036212947583
39  341.857467  -0.842779  24  7.674988079616024  -15.311386089186666
41  350.101407  0.389093  3.6  12.810528648274653  -16.596478474060657
41  350.101407  0.389093  4.5  12.418043531452003  -16.53657807641615
41  350.101407  0.389093  5.8  11.337775259584848  -16.188105524637052
41  350.101407  0.389093  8  9.866227853666468  -15.708277712393937
41  350.101407  0.389093  24  5.386104069032268  -14.395832484953162
42  357.148741  -0.57213  3.6  13.610733205793917  -16.916560297068365
42  357.148741  -0.57213  4.5  13.470721954067093  -16.95764944546218
42  357.148741  -0.57213  5.8  12.531146360819312  -16.66545396513084
42  357.148741  -0.57213  8  10.89492003719438  -16.1197545858051
42  357.148741  -0.57213  24  6.825766504034027  -14.971697458953866
43  357.737833  -0.092033  3.6  12.957788850892474  -16.655382555107785
43  357.737833  -0.092033  4.5  12.691726420206395  -16.6460512319179
43  357.737833  -0.092033  5.8  10.498052323926947  -15.852216350373892
43  357.737833  -0.092033  8  9.132700484797954  -15.414866764846531
43  357.737833  -0.092033  24  5.7137473007254  -14.526889777630416