\fixlen=T
| glon        | glat       | ra              | dec             | cntr            |
|double       |double      |double           |double           |int              |
  4.548483      -0.781395    269.7663680       -25.4201466       1                
  11.818667     -0.0258      272.8977073       -18.7107202       2                
  12.741267     -0.0004      273.3408809       -17.8892550       3                
  17.225237     -0.584033    276.0843554       -14.2153055       4                
  17.784417     0.034222     275.7915512       -13.4316771       5                
  28.141688     -0.192917    280.8433425       -4.3504029        6                
  28.729475     -0.539626    281.4217662       -3.9858766        7                
  36.399831     -0.466475    284.8579431       +2.8729134        8                
  41.581565     -0.884437    287.6191907       +7.2842936        9                
  42.908694     -0.888909    288.2427965       +8.4587250        10               
  47.824267     -0.3903      290.1276189       +13.0392698       11               
  48.707895     0.961547     289.3237293       +14.4529607       12               
  54.574569     -0.511079    293.5882607       +18.9148102       13               
  54.672000     -0.25700     293.4031242       +19.1231675       14               
  55.307833     0.810834     292.7356377       +20.1952846       15               
  57.4744       -0.3873      294.9839189       +21.5049480       16               
  58.441232     -0.470409    295.5770662       +22.3041753       17               
  59.217833     0.396467     295.1769551       +23.4080949       18               
  59.545904     0.776002     294.9932254       +23.8806810       19               
  61.3505       -0.1085      296.8233738       +25.0044899       20               
  63.349203     -0.768282    298.5840640       +26.3875597       21               
  299.362072    0.731691     185.2563079       -61.9291570       22               
  299.398377    0.888066     185.3714818       -61.7780965       23               
  302.037426    -0.528374    190.8623998       -63.3863239       24               
  302.373292    -0.0235      191.6334657       -62.8900060       25               
  306.6815      0.015125     201.0340854       -62.6184041       26               
  314.154       -0.676       216.8761769       -61.4369213       27               
  316.873061    -0.599138    221.9376983       -60.2840738       28               
  317.039057    -0.49782     222.1501400       -60.1207560       29               
  318.527084    0.504229     223.8817832       -58.5590188       30               
  318.729619    -0.097762    224.7673166       -58.9980286       31               
  321.402694    0.652191     228.4537878       -57.0237458       32               
  322.546       0.810        230.0681817       -56.2858576       33               
  324.32325     0.317        233.1981259       -55.7045162       34               
  325.245517    -0.799997    235.7014283       -56.0609719       35               
  333.445875    0.356375     244.7426191       -49.8073716       36               
  335.104583    -0.066792    246.9961129       -48.9258109       37               
  335.517       -0.378042    247.7712691       -48.8413490       38               
  341.857467    -0.842779    254.3242632       -44.3476405       39               
  350.457       -0.042       260.2439431       -36.9640772       40               
  350.101407    0.389093     259.5465459       -37.0083923       41               
  357.148741    -0.57213     265.2341564       -31.6629016       42      
  357.737833    -0.092033    265.7803900       -30.9089100       43     
